1010001000039
1010001000039
1010001000039
1010001000039
1010001000039
1010001000039
1010001000039
1010001000039
1010001000039
1010001000039
1010001000146
1010001000146
1010001000146
1010001000146
1010001000146
1010001000146
1010001000146
1010001000146
1010001000146
1010001000146
1010001000179
1010001000179
1010001000179
1010001000179
1010001000179
1010001000179
1010001000179
1010001000179
1010001000179
1010001000179
1010001000220
1010001000220
1010001000220
1010001000220
1010001000220
1010001000220
1010001000220
1010001000220
1010001000220
1010001000220
1010001000352
1010001000352
1010001000352
1010001000352
1010001000352
1010001000352
1010001000352
1010001000352
1010001000352
1010001000352
1010001000468
1010001000468
1010001000468
1010001000468
1010001000468
1010001000468
1010001000468
1010001000468
1010001000468
1010001000468
1010001000501
1010001000501
1010001000501
1010001000501
1010001000501
1010001000501
1010001000501
1010001000501
1010001000501
1010001000501
1010001000757
1010001000757
1010001000757
1010001000757
1010001000757
1010001000757
1010001000757
1010001000757
1010001000757
1010001000757
1010001000872
1010001000872
1010001000872
1010001000872
1010001000872
1010001000872
1010001000872
1010001000872
1010001000988
1010001000872
1010001000988
1010001000872
1010001000988
1010001000988
1010001000988
1010001000988
1010001001251
1010001000988
1010001000988
1010001000988
1010001001251
1010001001251
1010001001251
1010001001251
1010001000988
1010001001251
1010001001251
1010001001251
1010001001251
1010001001367
1010001001251
1010001001367
1010001001367
1010001001367
1010001001367
1010001001367
1010001001367
1010001001482
1010001001697
1010001001367
1010001001367
1010001001482
1010001001697
1010001001367
1010001001482
1010001001697
1010001001482
1010001001697
1010001001482
1010001001697
1010001001482
1010001001697
1010001001482
1010001001697
1010001001482
1010001001697
1010001001846
1010001001482
1010001001697
1010001001846
1010001001846
1010001001482
1010001001697
1010001001846
1010001001846
1010001001846
1010001001846
1010001001846
1010001002126
1010001001846
1010001001846
1010001002126
1010001002126
1010001002126
1010001002126
1010001002126
1010001002126
1010001002126
1010001002126
1010001002290
1010001002126
1010001002290
1010001002290
1010001002290
1010001002290
1010001002290
1010001002290
1010001002290
1010001002290
1010001002506
1010001002506
1010001002506
1010001002290
1010001002506
1010001002506
1010001002506
1010001002506
1010001002506
1010001002506
1010001002506
1010001002679
1010001002679
1010001002679
1010001002679
1010001002679
1010001002811
1010001002679
1010001003025
1010001002679
1010001002811
1010001002811
1010001002811
1010001002811
1010001002679
1010001003116
1010001002679
1010001003025
1010001002679
1010001003025
1010001003025
1010001003025
1010001003116
1010001003116
1010001003116
1010001003116
1010001002811
1010001002811
1010001002811
1010001002811
1010001002811
1010001003025
1010001003025
1010001003025
1010001003025
1010001003025
1010001003116
1010001003116
1010001003116
1010001003116
1010001003116
1010001003330
1010001003611
1010001003330
1010001003330
1010001003330
1010001003330
1010001003784
1010001003611
1010001003611
1010001003611
1010001003611
1010001003909
1010001003784
1010001003784
1010001003784
1010001003784
1010001003330
1010001003330
1010001003330
1010001003330
1010001003909
1010001003330
1010001003909
1010001003909
1010001003909
1010001003611
1010001003611
1010001003611
1010001003611
1010001003611
1010001003784
1010001003784
1010001003784
1010001003784
1010001003784
1010001003909
1010001003909
1010001003909
1010001003909
1010001003909
1010001004080
1010001004221
1010001004080
1010001004080
1010001004080
1010001004080
1010001004221
1010001004221
1010001004221
1010001004221
1010001004428
1010001004428
1010001004428
1010001004080
1010001004510
1010001004080
1010001004428
1010001004428
1010001004080
1010001004080
1010001004080
1010001004510
1010001004510
1010001004221
1010001004221
1010001004510
1010001004510
1010001004221
1010001004221
1010001004221
1010001004642
1010001004642
1010001004642
1010001004642
1010001004428
1010001004642
1010001004428
1010001004428
1010001004428
1010001004428
1010001004510
1010001004799
1010001004510
1010001004510
1010001004510
1010001004510
1010001004799
1010001004799
1010001004923
1010001005079
1010001004799
1010001004642
1010001004642
1010001004799
1010001004642
1010001004642
1010001004642
1010001004923
1010001005079
1010001004923
1010001005079
1010001004923
1010001005079
1010001004923
1010001005194
1010001005079
1010001005194
1010001005194
1010001004799
1010001004799
1010001005194
1010001004799
1010001005194
1010001004799
1010001004799
1010001005327
1010001004923
1010001005079
1010001004923
1010001005079
1010001004923
1010001005079
1010001004923
1010001005079
1010001005327
1010001004923
1010001005079
1010001005327
1010001005450
1010001005194
1010001005194
1010001005327
1010001005194
1010001005194
1010001005450
1010001005194
1010001005450
1010001005649
1010001005450
1010001005327
1010001005327
1010001005649
1010001005327
1010001005649
1010001005839
1010001006069
1010001005327
1010001005649
1010001005450
1010001005327
1010001005327
1010001005839
1010001006069
1010001005450
1010001005450
1010001005450
1010001006184
1010001005649
1010001005450
1010001005450
1010001006184
1010001005839
1010001005649
1010001006069
1010001005649
1010001005649
1010001005839
1010001006069
1010001005649
1010001005649
1010001006341
1010001006184
1010001006341
1010001006184
1010001006341
1010001006341
1010001005839
1010001006069
1010001005839
1010001006069
1010001005839
1010001006069
1010001005839
1010001006069
1010001006184
1010001005839
1010001006069
1010001005839
1010001006069
1010001006184
1010001006184
1010001006184
1010001006184
1010001006184
1010001006341
1010001006341
1010001006341
1010001006341
1010001006341
1010001006341
1010001006498
1010001006498
1010001006762
1010001006498
1010001006762
1010001006498
1010001006762
1010001006928
1010001006928
1010001006762
1010001007042
1010001007042
1010001006928
1010001006928
1010001006498
1010001007042
1010001006498
1010001006498
1010001007042
1010001006498
1010001006498
1010001006498
1010001006762
1010001006762
1010001006762
1010001006762
1010001006762
1010001006762
1010001006928
1010001006928
1010001006928
1010001006928
1010001007042
1010001006928
1010001006928
1010001007042
1010001007042
1010001007042
1010001007042
1010001007042
1010001007315
1010001007315
1010001007315
1010001007455
1010001007455
1010001007315
1010001007645
1010001007645
1010001007455
1010001007455
1010001007645
1010001007769
1010001007769
1010001007645
1010001007901
1010001007315
1010001007901
1010001007315
1010001007769
1010001007315
1010001007769
1010001007315
1010001007315
1010001007315
1010001007901
1010001007455
1010001007901
1010001007455
1010001007455
1010001007455
1010001007455
1010001007645
1010001007645
1010001007455
1010001007645
1010001007645
1010001007645
1010001007645
1010001007769
1010001008032
1010001007769
1010001008032
1010001007769
1010001007769
1010001007769
1010001008180
1010001008296
1010001008461
1010001007901
1010001008180
1010001008296
1010001007769
1010001007901
1010001008461
1010001008032
1010001007901
1010001007901
1010001008032
1010001007901
1010001008651
1010001007901
1010001008651
1010001008180
1010001008296
1010001008461
1010001008180
1010001008296
1010001008461
