2
24
32
35
41
45
48
50
57
60
62
64
87
88
111
116
122
126
142
156
160
171
172
180
190
191
196
200
205
220
221
230
236
254
285
293
299
322
325
342
359
361
367
390
391
393
404
412
420
434
444
448
449
459
467
499
502
531
533
541
550
552
554
577
587
589
599
620
632
653
699
702
703
708
721
724
728
733
742
746
756
772
774
779
781
783
785
788
795
801
805
807
810
818
834
839
853
854
855
857
859
869
874
890
903
907
941
950
968
991
1002
1032
1038
1063
1064
1067
1087
1088
1137
1143
1148
1155
1173
1175
1176
1181
1221
1222
1231
1251
1254
1260
1261
1265
1271
1277
1278
1279
1301
1310
1314
1323
1324
1331
1332
1335
1338
1348
1362
1363
1372
1376
1382
1388
1390
1399
1405
1412
1413
1429
1444
1451
1466
1482
1497
1514
1517
1532
1537
1554
1556
1568
1569
1570
1573
1574
1595
1602
1604
1605
1606
1608
1614
1621
1627
1630
1633
1635
1637
1652
1664
1666
1677
1683
1695
1699
1709
1710
1713
1725
1735
1751
1758
1766
1769
1774
1775
1778
1789
1794
1801
1819
1842
1862
1873
1880
1883
1884
1893
1896
1898
1902
1908
1917
1918
1944
1946
1948
1958
1959
1964
1972
1974
1978
1980
1990
1996
2007
2010
2012
2014
2018
2029
2040
2045
2051
2053
2056
2060
2065
2069
2087
2088
2089
2090
2096
2098
2104
2110
2111
2117
2121
2122
2124
2131
2132
2133
2134
2138
2146
2148
2150
2151
2157
2158
2160
2161
2166
2171
2176
2177
2179
2180
2182
2184
2187
2189
2190
2192
2197
2199
2202
2212
2215
2219
2221
2224
2227
2229
2234
2235
2236
2239
2257
2266
2268
2270
2276
2282
2283
2286
2289
2292
2294
2295
2296
2299
2314
2317
2340
2342
2343
2349
2350
2351
2354
2363
2367
2373
2375
2377
2379
2382
2390
2391
2392
2393
2408
2414
2416
2420
2426
2428
2435
2442
2443
2446
2447
2449
2462
2466
2469
2471
2473
2482
2485
2488
2495
2499
2502
2505
2508
2510
2515
2520
2524
2525
2527
2530
2531
2532
2551
2557
2560
2575
2579
2584
2594
2601
2603
2605
2606
2609
2615
2622
2625
2630
2641
2649
2653
2657
2662
2665
2669
2678
2679
2681
2684
2695
2696
2698
2706
2709
2711
2715
2727
2730
2736
2743
2744
2761
2762
2768
2780
2781
2786
2794
2797
2800
2801
2805
2816
2820
2823
2827
2837
2838
2849
2853
2854
2857
2875
2892
2896
2901
2921
2924
2931
2932
2934
2935
2941
2950
2952
2965
2974
2988
2992
2996
3008
3010
3012
3021
3025
3031
3039
3041
3044
3059
3062
3066
3072
3079
3081
3082
3092
3094
3097
3100
3110
3111
3112
3116
3123
3125
3130
3132
3134
3139
3140
3141
3152
3153
3154
3156
3157
3162
3167
3169
3178
3179
3181
3195
3198
3201
3206
3207
3208
3215
3219
3220
3226
3227
3228
3231
3232
3237
3241
3244
3250
3254
3270
3272
3273
3283
3292
3302
3309
3312
3314
3318
3321
3322
3335
3346
3349
3352
3356
3358
3359
3360
3364
3375
3383
3386
3389
3390
3391
3397
3406
3409
3417
3420
3423
3425
3432
3438
3439
3444
3445
3452
3455
3460
3462
3468
3470
3479
3481
3489
3495
3498
3499
3501
3503
3507
3508
3512
3517
3518
3520
3521
3525
3526
3535
3542
3543
3546
3547
3549
3552
3554
3555
3561
3563
3570
3573
3579
3581
3582
3585
3588
3593
3598
3600
3602
3605
3606
3610
3613
3614
3615
3619
3622
3628
3632
3633
3634
3635
3642
3643
3659
3660
3662
3664
3667
3677
3683
3685
3688
3689
3690
3694
3695
3697
3698
3700
3701
3707
3708
3709
3715
3717
3718
3721
3723
3726
3728
3733
3734
3739
3744
3750
3751
3754
3758
3759
3764
3766
3771
3773
3777
3779
3781
3783
3788
3789
3791
3793
3804
3805
3806
3807
3808
3809
3810
3814
3817
3819
3823
3824
3827
3834
3842
3846
3853
3854
3856
3861
3876
3882
3885
3890
3891
3892
3893
3895
3896
3897
3903
3908
3909
3914
3915
3919
3920
3922
3928
3931
3934
3935
3947
3948
3949
3958
3959
3961
3962
3966
3967
3970
3973
3979
3986
3987
3996
3997
4001
4002
4007
4019
4021
4026
4030
4042
4046
4048
4051
4057
4059
4061
4066
4069
4071
4075
4076
4077
4083
4086
4088
4091
4093
4095
4108
4112
4113
4119
4125
4127
4130
4134
4135
4141
4144
4145
4146
4154
4157
4161
4162
4170
4171
4172
4176
4181
4185
4191
4192
4193
4195
4196
4197
4202
4203
4204
4212
4215
4220
4224
4232
4234
4243
4244
4245
4250
4252
4256
4257
4258
4261
4269
4270
4271
4273
4275
4276
4279
4280
4285
4286
4290
4301
4303
4304
4308
4309
4312
4314
4315
4318
4319
4323
4326
4327
4329
4330
4335
4337
4338
4340
4347
4348
4356
4365
4368
4369
4370
4374
4375
4376
4377
4378
4379
4385
4387
4388
4391
4392
4393
4395
4399
4401
4402
4406
4407
4414
4416
4417
4420
4424
4425
4427
4433
4438
4439
4440
4442
4444
4446
4451
4452
4455
4456
4458
4460
4464
4465
4466
4469
4470
4472
4474
4477
4478
4479
4480
4481
4484
4485
4486
4493
4499
4500
4503
4506
4508
4510
4512
4515
4516
4518
4523
4524
4527
4530
4532
4538
4541
4545
4548
4552
4554
4555
4556
4558
4560
4570
4579
4583
4584
4586
4591
4592
4593
4594
4598
4601
4605
4606
4607
4608
4612
4616
4622
4624
4631
4634
4635
4639
4644
4648
4650
4651
4655
4660
4662
4664
4665
4669
4672
4673
4678
4682
4700
4707
4708
4710
4716
4719
4722
4723
4726
4727
4731
4733
4734
4739
4740
4742
4746
4751
4755
4758
4762
4766
4767
4768
4769
4770
4771
4778
4780
4781
4782
4783
4790
4793
4801
4802
4805
4807
4808
4812
4815
4816
4828
4830
4831
4832
4833
4837
4842
4850
4854
4864
4866
4872
4873
4876
4886
4888
4889
4899
4900
4905
4908
4911
4917
4919
4920
4925
4931
4932
4934
4937
4938
4940
4941
4942
4943
4949
4951
4954
4957
4959
4964
4965
4969
4970
4971
4975
4977
4982
4987
4989
4991
5005
5006
5007
5015
5016
5018
5023
5025
5028
5029
5031
5035
5036
5037
5039
5042
5045
5046
5054
5059
5061
5062
5063
5064
5065
5067
5069
5075
5076
5079
5080
5087
5089
5090
5095
5098
5102
5104
5105
5106
5109
5115
5118
5122
5125
5130
5137
5144
5145
5147
5150
5152
5153
5160
5165
5169
5175
5179
5190
5194
5196
5197
5198
5204
5210
5212
5216
5219
5223
5224
5225
5226
5231
5235
5236
5244
5247
5248
5251
5254
5256
5258
5259
5260
5263
5267
5268
5272
5274
5278
5280
5281
5287
5288
5289
5293
5295
5296
5297
5298
5299
5301
5302
5303
5305
5310
5313
5323
5326
5327
5329
5330
5333
5337
5350
5357
5359
5366
5368
5374
5375
5379
5387
5389
5399
5401
5405
5406
5409
5420
5421
5422
5423
5424
5425
5430
5432
5437
5439
5440
5453
5457
5459
5464
5465
5468
5469
5472
5479
5481
5487
5492
5494
5501
5504
5508
5512
5513
5514
5520
5522
5526
5528
5540
5542
5543
5554
5557
5559
5566
5568
5569
5571
5572
5574
5575
5587
5588
5593
5606
5611
5612
5613
5615
5616
5622
5623
5629
5631
5643
5644
5645
5648
5651
5652
5653
5655
5661
5663
5668
5670
5672
5673
5680
5692
5693
5694
5700
5701
5703
5707
5710
5711
5714
5716
5718
5723
5725
5726
5729
5730
5731
5736
5738
5741
5742
5743
5744
5746
5749
5751
5753
5755
5759
5764
5766
5771
5772
5782
5784
5789
5791
5801
5802
5803
5804
5805
5806
5807
5809
5817
5819
5825
5828
5829
5831
5834
5836
5840
5841
5843
5844
5850
5851
5854
5855
5859
5861
5875
5876
5877
5878
5880
5882
5883
5886
5887
5894
5900
5902
5910
5913
5914
5923
5924
5928
5929
5930
5933
5937
5938
5940
5944
5946
5950
5951
5959
5963
5966
5968
5969
5970
5978
5980
5985
5987
5991
5994
5995
5996
5997
6001
6004
6005
6011
6012
6014
6016
6024
6040
6042
6044
6045
6050
6052
6056
6057
6067
6068
6077
6087
6089
6096
6101
6102
6110
6112
6116
6120
6122
6123
6131
6139
6140
6142
6143
6149
6150
6153
6154
6160
6163
6164
6166
6167
6172
6173
6175
6176
6178
6179
6186
6187
6191
6193
6201
6202
6204
6205
6207
6211
6214
6227
6228
6230
6237
6238
6243
6244
6247
6248
6253
6254
6256
6259
6260
6261
6263
6264
6266
6268
6269
6272
6274
6276
6277
6291
6292
6296
6300
6301
6304
6305
6306
6310
6312
6320
6322
6325
6326
6327
6328
6333
6337
6349
6351
6353
6354
6355
6356
6359
6363
6364
6370
6371
6374
6376
6382
6383
6384
6388
6389
6396
6398
6409
6412
6413
6414
6421
6422
6425
6426
6427
6428
6429
6432
6435
6437
6439
6440
6444
6450
6458
6459
6460
6462
6463
6467
6479
6480
6485
6486
6490
6492
6493
6494
6495
6502
6504
6505
6510
6511
6512
6518
6520
6525
6528
6529
6531
6533
6539
6542
6545
6546
6547
6548
6549
6556
6557
6559
6560
6561
6567
6574
6575
6576
6580
6581
6582
6583
6586
6588
6591
6592
6593
6598
6599
6601
6605
6609
6611
6612
6613
6619
6620
6621
6626
6627
6629
6630
6632
6633
6636
6637
6638
6641
6642
6645
6652
6656
6658
6662
6663
6664
6670
6672
6675
6676
6679
6680
6681
6685
6687
6688
6690
6691
6693
6694
6696
6699
6701
6702
6705
6708
6713
6718
6720
6721
6726
6727
6729
6730
6731
6733
6735
6736
6737
6738
6740
6741
6742
6743
6744
6746
6751
6752
6756
6761
6762
6768
6769
6770
6771
6777
6781
6782
6784
6785
6789
6790
6794
6796
6798
6799
6804
6806
6807
6813
6822
6826
6828
6830
6835
6838
6839
6842
6849
6851
6852
6854
6858
6859
6861
6863
6866
6867
6871
6878
6879
6880
6883
6886
6887
6893
6894
6901
6907
6911
6914
6919
6920
6927
6930
6931
6938
6939
6940
6942
6944
6946
6948
6952
6955
6956
6958
6959
6960
6961
6963
6964
6970
6974
6977
6979
6980
6985
6987
6989
6991
6992
6994
6999
7000
7003
7005
7006
7008
7010
7011
7012
7014
7018
7021
7022
7023
7025
7027
7028
7031
7034
7035
7036
7038
7039
7041
7042
7045
7047
7050
7053
7057
7060
7067
7069
7071
7073
7075
7078
7080
7082
7088
7090
7095
7098
7100
7101
7108
7109
7110
7112
7114
7115
7120
7122
7126
7127
7128
7129
7131
7132
7136
7139
7141
7143
7149
7156
7176
7182
7185
7190
7191
7195
7196
7199
7202
7205
7206
7209
7210
7212
7214
7215
7216
7217
7218
7220
7224
7228
7231
7232
7233
7235
7239
7240
7243
7244
7245
7246
7247
7254
7255
7257
7263
7264
7265
7268
7269
7271
7273
7274
7275
7276
7278
7280
7281
7287
7290
7291
7292
7296
7297
7300
7302
7303
7308
7309
7313
7315
7316
7317
7319
7322
7323
7325
7326
7330
7331
7340
7344
7351
7354
7355
7356
7359
7360
7365
7366
7368
7369
7370
7371
7374
7379
7381
7383
7384
7385
7387
7388
7389
7392
7393
7395
7402
7403
7405
7409
7413
7415
7419
7420
7422
7424
7425
7426
7430
7432
7433
7435
7438
7440
7442
7447
7449
7454
7456
7458
7461
7466
7472
7475
7477
7478
7480
7486
7488
7489
7491
7494
7496
7498
7503
7507
7512
7515
7519
7524
7526
7528
7530
7539
7542
7547
7550
7555
7556
7557
7559
7560
7563
7564
7565
7568
7572
7573
7577
7579
7580
7585
7586
7590
7594
7595
7597
7600
7603
7604
7608
7609
7616
7618
7619
7623
7625
7626
7628
7631
7632
7635
7638
7640
7641
7643
7648
7657
7660
7663
7664
7665
7669
7673
7677
7678
7680
7681
7683
7684
7688
7689
7692
7694
7696
7701
7706
7715
7716
7717
7718
7720
7723
7728
7730
7731
7732
7737
7738
7739
7741
7743
7744
7746
7747
7750
7752
7755
7757
7761
7762
7766
7768
7769
7772
7773
7774
7777
7779
7781
7782
7785
7786
7787
7788
7789
7790
7791
7792
7795
7800
7802
7806
7808
7809
7815
7816
7817
7818
7819
7821
7822
7823
7825
7827
7829
7835
7836
7840
7841
7842
7850
7852
7853
7854
7856
7858
7861
7865
7866
7867
7868
7874
7875
7879
7882
7888
7889
7890
7891
7892
7898
7900
7902
7904
7907
7909
7911
7915
7921
7925
7927
7930
7934
7937
7938
7941
7944
7945
7949
7953
7954
7955
7956
7958
7959
7963
7965
7970
7971
7975
7977
7985
7986
7988
7990
7991
7992
7993
7994
7996
7999
8001
8004
8005
8007
8008
8009
8012
8013
8014
8017
8019
8020
8024
8026
8031
8032
8033
8034
8038
8041
8042
8044
8045
8046
8048
8051
8056
8057
8059
8060
8064
8069
8070
8071
8073
8076
8078
8083
8084
8086
8088
8089
8091
8094
8096
8100
8101
8102
8103
8105
8106
8108
8113
8115
8117
8118
8125
8127
8128
8129
8130
8131
8133
8139
8140
8142
8143
8144
8147
8149
8150
8152
8156
8157
8159
8163
8166
8169
8170
8171
8178
8179
8180
8184
8189
8190
8191
8192
8193
8195
8196
8199
8202
8210
8220
8227
8229
8230
8233
8235
8239
8240
8245
8246
8251
8252
8253
8255
8256
8258
8260
8261
8268
8269
8275
8277
8279
8286
8287
8290
8291
8293
8296
8299
8304
8310
8312
8314
8317
8320
8322
8323
8324
8326
8327
8328
8332
8336
8338
8341
8342
8343
8344
8346
8347
8354
8357
8358
8360
8364
8367
8369
8370
8373
8374
8378
8379
8380
8382
8383
8385
8386
8389
8391
8394
8397
8398
8403
8405
8408
8410
8411
8412
8414
8415
8416
8421
8423
8426
8429
8430
8431
8432
8433
8435
8441
8442
8445
8454
8455
8457
8460
8461
8463
8464
8469
8470
8472
8479
8481
8482
8483
8484
8490
8492
8493
8496
8497
8500
8501
8503
8505
8509
8514
8525
8527
8532
8536
8545
8548
8549
8551
8553
8556
8560
8561
8564
8565
8566
8567
8568
8574
8575
8576
8578
8580
8581
8582
8583
8584
8589
8590
8592
8594
8596
8600
8603
8604
8607
8613
8618
8621
8622
8623
8625
8627
8632
8635
8636
8638
8643
8646
8655
8656
8659
8660
8662
8663
8665
8670
8675
8676
8679
8681
8683
8686
8688
8689
8693
8700
8702
8703
8705
8707
8709
8711
8714
8716
8717
8718
8719
8720
8721
8727
8728
8729
8731
8732
8736
8738
8739
8743
8746
8753
8755
8759
8763
8766
8770
8773
8774
8776
8780
8782
8784
8789
8790
8791
8792
8800
8801
8803
8804
8806
8807
8808
8812
8815
8816
8818
8820
8821
8822
8823
8825
8828
8832
8833
8835
8838
8839
8847
8850
8853
8854
8855
8856
8857
8860
8866
8869
8872
8877
8879
8885
8888
8893
8897
8899
8902
8905
8906
8908
8913
8915
8916
8917
8918
8920
8921
8922
8926
8929
8934
8936
8937
8939
8940
8945
8949
8952
8953
8959
8961
8963
8964
8966
8972
8976
8979
8980
8981
8984
8986
8988
8989
8990
8991
8992
8997
8998
9000
9001
9003
9005
9012
9014
9019
9021
9024
9025
9026
9033
9038
9040
9041
9042
9044
9046
9047
9049
9051
9054
9055
9058
9062
9063
9064
9067
9071
9072
9073
9078
9080
9084
9086
9089
9091
9094
9097
9099
9100
9101
9107
9109
9110
9111
9113
9114
9119
9122
9129
9130
9131
9132
9140
9144
9147
9148
9149
9156
9157
9160
9162
9163
9167
9170
9171
9172
9182
9186
9190
9192
9193
9195
9196
9197
9199
9200
9203
9206
9207
9210
9211
9213
9214
9216
9219
9221
9223
9224
9227
9233
9238
9239
9243
9246
9248
9254
9256
9257
9258
9260
9266
9267
9269
9272
9274
9275
9276
9280
9283
9285
9286
9290
9292
9297
9299
9312
9315
9317
9318
9319
9321
9322
9323
9324
9333
9340
9341
9342
9343
9345
9346
9347
9348
9350
9352
9353
9359
9360
9364
9366
9371
9373
9375
9382
9383
9385
9386
9390
9392
9395
9396
9398
9402
9404
9407
9408
9409
9414
9416
9419
9420
9422
9423
9426
9430
9432
9437
9440
9441
9442
9443
9444
9445
9446
9447
9451
9452
9453
9454
9455
9458
9459
9462
9463
9465
9466
9469
9470
9471
9472
9476
9477
9478
9481
9482
9487
9488
9490
9492
9493
9495
9499
9501
9502
9503
9506
9507
9508
9509
9510
9513
9514
9517
9519
9520
9523
9524
9527
9535
9536
9538
9541
9548
9549
9554
9555
9556
9558
9559
9562
9563
9564
9565
9566
9569
9570
9571
9573
9575
9576
9579
9580
9581
9584
9595
9597
9598
9599
9601
9602
9606
9607
9609
9610
9613
9614
9615
9616
9618
9619
9622
9623
9624
9628
9629
9630
9631
9635
9636
9637
9638
9641
9643
9644
9649
9650
9654
9656
9657
9659
9662
9667
9668
9669
9676
9677
9679
9681
9682
9683
9686
9688
9689
9690
9700
9701
9703
9705
9707
9709
9710
9712
9714
9715
9717
9722
9723
9724
9725
9731
9735
9738
9740
9741
9742
9743
9745
9747
9749
9752
9755
9758
9762
9763
9764
9765
9766
9768
9769
9771
9772
9773
9775
9776
9777
9778
9782
9784
9785
9786
9788
9793
9798
9799
9801
9803
9806
9809
9810
9814
9815
9820
9822
9823
9824
9826
9827
9828
9829
9832
9833
9836
9840
9841
9842
9843
9844
9845
9849
9853
9855
9858
9859
9860
9861
9866
9867
9868
9869
9872
9876
9877
9879
9882
9884
9885
9886
9891
9895
9897
9899
9900
9901
9902
9903
9905
9906
9907
9909
9910
9913
9914
9915
9918
9920
9922
9924
9925
9927
9928
9929
9931
9932
9935
9936
9938
9939
9941
9944
9947
9948
9950
9951
9952
9954
9955
9956
9957
9960
9961
9962
9963
9964
9965
9967
9968
9970
9972
9973
9975
9977
9984
9988
9991
9992
9993
9994
9995
9996
9999
10000
10001
10002
10004
10006
10010
10011
10013
10014
10016
10017
10018
10021
10024
10025
10026
10027
10030
10031
10032
10033
10034
10035
10036
10037
10039
10040
10041
10043
10045
10047
10048
10049
10050
10051
10052
10053
10054
10056
10057
10058
10060
10061
10062
10063
10066
10067
10069
10071
10073
10075
10076
10079
10080
10082
10083
10088
10091
10093
10095
10097
10099
10100
10101
10103
10104
10105
10107
10108
10109
10110
10111
10113
10114
10115
10117
10120
10121
10122
10124
10125
10129
10130
10132
10136
10137
10140
10141
10142
10143
10144
10147
10149
10150
10151
10153
10155
10158
10159
10161
10165
10168
10169
10173
10174
10175
10176
10177
10178
10182
10184
10185
10186
10187
10189
10191
10192
10193
10195
10196
10198
10200
10203
10206
10208
10209
10210
10211
10212
10215
10218
10219
10220
10221
10222
10224
10225
10226
10227
10230
10231
10234
10235
10239
10240
10241
10242
10243
10244
10245
10246
10247
10249
10250
10251
10254
10255
10257
10258
10261
10262
10263
10264
10265
10266
10267
10268
10269
10270
10271
10274
10276
10279
10280
10282
10284
10285
10287
10288
10289
10291
10293
10299
10301
10303
10304
10305
10307
10308
10309
10312
10314
10315
10316
10319
10320
10321
10323
10325
10327
10328
10329
10331
10332
10333
10335
10336
10337
10338
10339
10341
10343
10345
10347
10349
10350
10353
10354
10356
10357
10359
10361
10362
10363
10364
10365
10366
10368
10369
10370
10372
10375
10376
10377
10378
10379
10380
10381
10382
10383
10384
10386
10388
10389
10390
10391
10392
10393
10394
10395
10396
10397
10398
10399
10401
10402
10404
10405
10406
10407
10408
10409
10410
10411
10412
10413
10414
10415
10416
10417
10418
10419
10420
10421
10423
10424
10425
10426
10428
10429
10431
10434
10435
10437
10439
10441
10444
10445
10447
10451
10452
10454
10455
10458
10459
10460
10461
10462
10463
10464
10466
10467
10468
10469
10470
10471
10474
10477
10478
10479
10480
10482
10484
10485
10487
10489
10490
10493
10494
10498
10501
10502
10503
10504
10505
10506
10507
10508
10509
10510
10511
10513
10516
10517
10518
10520
10521
10522
10525
10527
10528
10529
10530
10531
10532
10533
10536
10538
10539
10541
10542
10543
10544
10546
10548
10550
10551
10552
10553
10554
10555
10556
10557
10558
10559
10562
10563
10564
10567
10568
10569
10570
10572
10573
10575
10577
10578
10579
10581
10582
10587
10588
10589
10590
10592
10593
10595
10597
10598
10600
10602
10603
10604
10606
10607
10608
10609
10610
10612
10614
10615
10616
10618
10620
10621
10622
10623
10624
10625
10626
10627
10628
10629
10630
10631
10632
10633
10634
10635
10636
10639
10640
10641
10642
10645
10646
10649
10651
10653
10654
10655
10656
10660
10662
10664
10665
10667
10668
10670
10671
10672
10673
10674
10675
10676
10677
10678
10679
10680
10681
10682
10683
10684
10686
10688
10691
10692
10693
10694
10695
10696
10697
10698
10702
10703
10706
10707
10709
10710
10711
10712
10715
10716
10718
10719
10721
10722
10724
10725
10726
10728
10729
10730
10731
10732
10733
10735
10736
10737
10738
10739
10740
10741
10742
10743
10744
10745
10746
10748
10751
10752
10753
10754
10755
10756
10757
10758
10759
10760
10761
10763
10764
10765
10766
10767
10769
10771
10772
10773
10774
10775
10776
10777
10778
10780
10781
10782
10784
10785
10787
10788
10789
10790
10792
10794
10795
10797
10798
10799
10800
10802
10803
10805
10806
10807
10808
10809
10810
10811
10815
10817
10818
10819
10820
10821
10822
10823
10824
10826
10827
10830
10831
10832
10833
10834
10835
10836
10838
10839
10840
10841
10842
10843
10844
10845
10846
10847
10848
10850
10851
10852
10854
10855
10856
10857
10858
10859
10861
10862
10863
10864
10865
10866
10867
10869
10871
10872
10875
10876
10877
10878
10879
10883
10884
10885
10886
10887
10888
10889
10890
10891
10892
10893
10894
10895
10896
10898
10900
10901
10902
10903
10904
10905
10906
10907
10908
10909
10911
10913
10915
10916
10918
10919
10920
10921
10922
10923
10924
10925
10926
10927
10928
10929
10931
10932
10933
10934
10935
10936
10937
10938
10940
10941
10942
10943
10944
10945
10946
10947
10948
10949
10950
10951
10952
10954
10955
10956
10957
10959
10960
10962
10963
10964
10965
10966
10967
10968
10969
10970
10975
10976
10977
10978
10980
10981
10984
10985
10988
10989
10990
10991
10993
10994
10995
10996
10998
10999
11000
11001
11002
11003
11004
11006
11008
11009
11010
11011
11013
11014
11015
11016
11017
11018
11021
11022
11027
11030
11037
11039
11041
11046
11047
11048
11052
11057
11073
